$ANSIBLE_VAULT;1.1;AES256
34623966333261343839393637383032383665343666313235313066336466313536383132376239
6131346538346338653761363663333132656264643065370a353733663832393333363065643032
63633934333637656365616234326264616336656335636566383633316539313864373932636333
3130336565363764360a346561666466653236616430366537366330383832303131363364323963
31653134323563366131616563643638343565656464363539333236303863393235356165396337
65636136386363336663616363316365656237363039326364393465346161646436323132643764
34383232393830376566643033306438363138396564366538623361353036613431656435333439
65343434333131386266303736313539376164636637333137656533316630633662646134316239
33656433636631366533383833653933313266623339663630363633353966613466636632393035
62346561613664323365373261313930626433383933633834393739666537333335356535323430
33373065396635373762383033343635383833346333336666396639383636623464646161303638
38353539353438323536626532326661333866383836336638393466623932343039343961653030
61626164386231306434326666663335626162336266663734303330616134383636373831653962
36373465663561393265386433373937386266306661306131643863653339656332666336393333
32383563633932336461636133646235363666363761316162336535643636323730353337383837
64373132353362393362663937303139383931333764356365363065663766316566306235626238
35303730643630626432313732303238363736353936303938303166393637323066376663633530
30663161633238353365643430616366643062613264613635333866353930633662353530376239
63393435376463613631346265616237326632653764393831623764353431303334373839396365
66346438353562353962313664323535346237666465383538353433616237653334393065383662
39313939613331393762343730653134383130343034396334323039373033616533663237643932
31366131646132623334393861383363336239393463373666636335306233373438306339363936
366466366132663539656637613839636636
